
#' @export
ps_colors <- list(
  oranges = c("#f15b2a",
              "#fbc8bf",
              "#f4b264",
              "#a04123",
              "#782d19"),
  magentas = c("#ec008c",
               "#f0b4d2",
               "#e65aa0",
               "#a01e64",
               "#731446"),
  secondary = list(
    "red" = "#dd2328",
    "maroon" = "#a12858",
    "teal" = "#119cbf",
    "sea_green" = "#69c6b4",
    "yellow" = "#f8b71f",
    "grey" = "#dee0e2",
    "purple" = "#91499e",
    "blue" = "#4565ae",
    "green" = "#27b35d",
    "lime_green" = "#9bc84c",
    "black" = "#2e2e2e"
  ),
  flow = list(
    "blue-1" = "#2968B2",
    "blue-2" = "#27AAE1"
  )
)

#' @export
ps_colors2 <- list(
  "pink" = "#ff1675",
  "blue" = "#130f25",
  secondary = list(
    "light blue" = "#99daff",
    "blue" = "#00a3ff",
    "dark purple" = "#4a33d1",
    "purple" = "#770ef7",
    "yellow" = "#ffc942",
    "orange" = "#ff7b01",
    "green" = "#02e088"
  ),
  tertiary = c("#1b1834", "#242145", "#393b6b", "#585fa2", "#8e93c2",
               "#89a4c7", "#d3dff0", "#ebeff5", "#f4f7fa", "#ffffff")
)

#' @export
sanity_colors <- list(
  "black" = "#101112",
  "red" = "#F36458",
  "Cyan 200" = "#90ECF9",
  "Cyan 400" = "#22DAF4",
  "Gray 50" = "#F2F3F5",
  "Gray 100" = "#E6E8EC",
  "Gray 200" = "#CED2D9",
  "Gray 800" = "#3F434A",
  "Gray 900" = "#272A2E"
)
