
#' @export
ps_colors <- list(
  oranges = c("#f15b2a",
              "#fbc8bf",
              "#f4b264",
              "#a04123",
              "#782d19"),
  magentas = c("#ec008c",
               "#f0b4d2",
               "#e65aa0",
               "#a01e64",
               "#731446"),
  secondary = list(
    "red" = "#dd2328",
    "maroon" = "#a12858",
    "teal" = "#119cbf",
    "sea_green" = "#69c6b4",
    "yellow" = "#f8b71f",
    "grey" = "#dee0e2",
    "purple" = "#91499e",
    "blue" = "#4565ae",
    "green" = "#27b35d",
    "lime_green" = "#9bc84c",
    "black" = "#2e2e2e"
  )
)
